    1.0241
    0.7617
    1.2960
    1.1584
    0.9250
    0.7866
    1.3483
    0.8576
    1.0384
    0.9469
    0.8350
    1.1273
    0.7786
    0.8446
    0.8627
    1.3372
    1.2245
    1.0002
    0.7651
    1.3328
    1.4677
    1.2375
    0.8410
    0.7726
    0.8998
    0.9893
    1.0580
    0.8623
    1.0119
    0.9170
    0.9640
    0.9349
    0.7618
    1.0576
    1.4866
    1.2236
    0.8115
    0.8762
    1.3287
    0.6521
    1.3896
    1.3458
    0.6376
    0.8981
    1.0582
    1.6250
    0.6751
    0.6704
    1.0461
    1.1417
    0.9551
    0.9757
    1.0143
    1.2962
    0.7610
    0.8326
    0.8632
    0.7599
    1.2058
    1.0940
    1.0417
    0.9121
    0.9405
    0.6865
    0.8377
    1.0126
    0.7050
    1.1969
    1.3107
    1.0686
    0.9119
    0.7985
    0.8327
    1.0275
    1.0812
    0.8618
    0.8894
    0.8200
    0.9201
    1.0385
    0.6924
    0.7036
    1.6266
    1.3765
    1.0705
    0.7953
    1.1850
    1.2463
    0.6207
    0.9836
    1.0376
    0.8772
    0.8119
    1.0865
    1.2061
    1.0212
    1.2394
    0.8037
    0.9795
    0.8466
    1.3479
    1.3315
    0.8090
    0.8963
    1.0082
    0.8606
    1.1299
    0.7036
    0.9190
    0.8190
    0.9381
    1.0612
    0.7817
    0.9681
    1.3391
    1.0851
    0.8463
    0.6685
    0.7458
    0.9858
    1.0981
    0.9333
    1.3139
    1.3356
    0.8753
    0.8660
    1.3403
    0.8820
    1.3854
    0.9160
    0.8187
    0.9689
    0.5634
    0.7084
    0.9969
    1.1174
    0.8394
    0.8708
    0.8696
    1.1616
    0.7021
    0.9772
    1.3169
    1.4849
    1.5510
    1.0073
    0.8345
    0.8860
    1.0731
    1.1002
    1.1275
    1.2743
    1.2173
    0.8576
    1.2990
    1.0121
    0.7896
    0.7549
    1.0251
    0.9170
    0.7572
    0.7247
    1.0845
    0.8706
    0.9736
    1.1573
    1.3639
    1.1670
    1.1535
    0.7995
    0.7520
    0.9736
    0.6671
    0.7320
    1.2273
    1.0840
    1.1694
    1.0231
    0.9412
    1.2353
    1.1665
    0.7821
    1.2143
    1.2233
    1.0163
    0.7910
    0.8207
    0.7468
    1.0590
    1.2947
    0.9215
    0.6911
    0.9887
    0.9793
    1.1369
    0.7982
    1.0040
    0.9705
    0.7039
    1.1059
    1.0097
    1.2464
    1.0841
    1.5240
    0.8329
    0.8762
    1.1634
    0.7902
    1.1050
    1.2121
    1.1965
    0.8441
    0.8529
    0.9146
    0.7862
    0.7694
    0.8949
    1.2629
    1.2587
    0.8596
    1.2943
    0.8419
    0.9904
    1.1175
    0.8651
    1.1412
    1.2082
    1.0064
    0.6998
    0.9544
    0.9254
    1.0440
    0.8931
    1.2797
    1.0763
    0.9416
    1.4742
    1.4342
    0.8823
    1.1972
    1.0958
    1.0917
    0.9419
    1.1785
    0.8737
    1.3217
    1.0201
    0.7607
    0.9882
    0.9016
    0.8354
    1.0540
    0.9545
    0.7178
    0.9829
    1.1690
    0.9383
    1.1300
    0.8689
    1.1187
    1.0324
    1.0428
    0.5396
    0.9230
    0.8854
    1.0948
    0.7522
    0.6286
    1.0803
    1.3686
    0.9613
    0.9745
    0.8440
    1.2362
    1.0257
    0.8476
    1.1243
    0.8732
    0.6434
    1.3130
    0.6908
    1.1061
    1.3950
    1.1230
    1.1024
    0.8811
    1.2623
    0.9197
    1.3075
    0.7795
    0.8248
    0.8517
    0.5610
    1.3144
    0.8135
    0.9575
    0.7916
    0.9196
    1.1921
    1.2639
    1.1572
    1.0276
    0.8094
    0.9905
    0.7023
    1.2221
    1.2760
    0.9392
    1.0788
    0.9951
    1.0440
    0.8369
    0.8413
    0.8722
    1.1190
    0.8833
    1.4405
    0.6654
    0.9147
    1.0243
    0.7647
    1.0057
    1.1369
    0.7215
    0.9942
    1.0560
    0.5662
    0.9311
    0.9396
    0.8081
    1.3789
    1.2130
    0.7988
    0.9512
    0.9492
    1.2566
    1.1754
    1.1414
    1.2818
    0.8429
    0.8648
    1.2005
    1.2063
    0.8059
    1.1110
    0.7541
    1.0130
    0.8239
    1.0855
    1.1098
    1.1775
    0.7763
    0.9128
    1.0283
    1.0292
    0.8891
    0.7002
    1.0477
    0.8396
    1.2526
    1.2651
    0.7975
    0.7719
    1.2001
    1.2393
    1.3383
    1.0026
    0.7949
    0.5630
    1.0211
    0.9964
    0.9088
    0.7906
    1.0507
    1.1162
    0.8729
    0.8436
    0.8766
    0.9603
    0.9585
    1.0342
    1.3247
    1.0486
    1.0282
    1.2069
    0.8797
    1.2561
    1.1165
    1.1544
    0.9990
    1.1110
    0.7215
    1.1678
    1.2839
    1.1619
    1.5560
    0.7927
    0.7417
    1.0660
    0.9920
