    0.8934
    1.1314
    0.9161
    0.8997
    0.9543
    1.0268
    0.9742
    1.1129
    0.8609
    1.0005
    0.8238
    0.8901
    0.9685
    0.9248
    1.0984
    0.8423
    0.8839
    0.8359
    1.0497
    0.8872
    1.0063
    1.1142
    0.9898
    1.1557
    0.9880
    0.9499
    0.9943
    0.8895
    1.0431
    0.8560
    1.0020
    0.9569
    0.9351
    0.9362
    1.0386
    1.0016
    1.0145
    0.9661
    1.0771
    0.9905
    1.0301
    1.0488
    1.0185
    1.1497
    0.9131
    1.1444
    0.9783
    1.0094
    1.1120
    0.9560
    1.1013
    0.9952
    0.9670
    0.9144
    0.9410
    0.9741
    1.0808
    1.0962
    1.0438
    1.0626
    1.1559
    1.1130
    1.0486
    1.0677
    1.0494
    1.1015
    1.0110
    0.8691
    1.0260
    1.0148
    0.9470
    0.9664
    1.0179
    0.9219
    1.0724
    1.1223
    0.9012
    1.1743
    0.9138
    1.0762
    1.0723
    1.0318
    1.0240
    1.0144
    1.1060
    1.1770
    0.9383
    1.0888
    0.9105
    1.0380
    1.0672
    1.1680
    0.9825
    0.9579
    1.0117
    0.9805
    1.1454
    0.9337
    0.9238
    0.9606
    1.0117
    0.9249
    1.2759
    1.0224
    0.9780
    0.9221
    0.9433
    1.1356
    1.0005
    0.9907
    0.8309
    0.8228
    0.9233
    0.9764
    0.9727
    0.9495
    0.7758
    0.8983
    0.9873
    1.0121
    0.8431
    0.8576
    1.1876
    0.8508
    0.9246
    1.0264
    0.8687
    1.0893
    1.0926
    0.9896
    1.1056
    1.3523
    0.9477
    0.9735
    1.0000
    1.2326
    0.9998
    0.9981
    0.9073
    1.0323
    1.1246
    1.0905
    1.1173
    0.7938
    0.8966
    0.8849
    0.8926
    0.9370
    0.9399
    0.9064
    1.0050
    1.0668
    1.1251
    1.0178
    1.1902
    0.9600
    0.8915
    1.0599
    1.1029
    0.8580
    0.9839
    1.0008
    0.8950
    1.0906
    1.2396
    0.9243
    1.1422
    0.9673
    0.9572
    0.9578
    1.0386
    1.0841
    1.0632
    1.0132
    0.9869
    0.9465
    1.2047
    0.9921
    1.0299
    1.0460
    0.9757
    0.9594
    1.0670
    0.8361
    0.9311
    0.8011
    1.1006
    0.9087
    1.1575
    0.9823
    1.1106
    1.0123
    1.0182
    1.0281
    1.1022
    1.0672
    1.1381
    1.0292
    1.1329
    0.7798
    0.9784
    0.9452
    0.9939
    1.0815
    1.0796
    1.0565
    1.0462
    0.9420
    0.8412
    1.1550
    1.0077
    1.0908
    1.1357
    1.0719
    0.9738
    0.9722
    0.8956
    1.0699
    0.9101
    1.0143
    0.9297
    1.0421
    1.0181
    0.8711
    0.8712
    1.1418
    0.9385
    0.9284
    0.8355
    0.9655
    1.1081
    1.0089
    1.1541
    0.9266
    1.1725
    0.8991
    0.9790
    0.8200
    1.0043
    0.9055
    0.9556
    1.0386
    0.8560
    0.8886
    1.1371
    0.8468
    0.9536
    0.9860
    0.9071
    1.0844
    0.9423
    0.8301
    0.8635
    0.9656
    0.8643
    0.8179
    1.0236
    0.9803
    0.9774
    0.9250
    0.8656
    0.9798
    0.8914
    1.2001
    0.9256
    1.1095
    0.9819
    0.9418
    0.8484
    0.9966
    0.9265
    0.9113
    1.0144
    0.9741
    0.7635
    1.0677
    0.9405
    0.8301
    0.9557
    1.0279
    0.9983
    0.9896
    0.9276
    1.0220
    1.0042
    0.8825
    0.7839
    1.0351
    1.0546
    1.0195
    1.2530
    0.9554
    1.0592
    0.7436
    1.1420
    1.1343
    0.9934
    0.8518
    1.1364
    1.0604
    1.1035
    0.8177
    0.8794
    1.1964
    0.9280
    1.1474
    0.8718
    1.0348
    1.0137
    0.9502
    0.9905
    1.1092
    1.1170
    1.0332
    0.9898
    0.9501
    0.8833
    1.0901
    0.9772
    0.9538
    1.1544
    1.0928
    1.1589
    1.2202
    0.9357
    0.9241
    1.0165
    1.0761
    0.8829
    1.1312
    0.8760
    0.9923
    1.1514
    0.9281
    0.9176
    1.0051
    0.8939
    1.0784
    1.0438
    1.1415
    1.0285
    0.9937
    0.9299
    1.0772
    1.0162
    1.0837
    1.0349
    1.0701
    0.9811
    0.8744
    1.0427
    0.9434
    1.0284
    1.0635
    1.1044
    1.0376
    0.9553
    0.9408
    1.2363
    1.0261
    0.9482
    1.1192
    1.1027
    0.9316
    0.9588
    0.9956
    0.9094
    1.1018
    1.1724
    1.0794
    0.9494
    1.0076
    1.0760
    1.0540
    1.0124
    0.9584
    0.8817
    1.1886
    1.0211
    1.0692
    1.0108
    0.8545
    0.9125
    0.9059
    1.1554
    1.0468
    1.0573
    1.0037
    1.0504
    1.0181
    1.0264
    0.9306
    1.0435
    1.1019
    0.8446
    1.1618
    1.0738
    0.9352
    1.1202
    0.9809
