    1.4203
    1.1722
    0.6579
    1.1497
    0.7191
    0.8029
    0.7856
    0.6802
    0.9123
    0.9943
    1.0113
    1.0187
    1.5773
    0.8388
    0.9716
    0.9211
    0.6857
    1.4224
    1.3662
    0.6241
    1.3078
    0.9676
    0.6253
    1.1323
    0.9567
    1.8429
    0.8959
    0.6588
    1.1507
    1.0409
    1.0893
    1.1134
    0.9702
    0.8368
    0.8091
    0.9285
    0.6851
    1.4367
    0.8100
    1.6213
    0.9179
    0.4180
    1.4418
    0.9955
    0.8911
    0.8712
    0.6147
    1.2196
    1.1607
    1.4059
    0.6265
    1.2162
    1.1752
    1.4678
    1.6745
    0.8699
    0.8739
    0.9974
    0.7226
    0.9750
    1.1513
    0.7435
    0.7456
    0.7065
    0.9239
    0.5756
    0.6275
    1.2009
    0.5005
    0.7741
    1.5326
    0.9675
    1.2334
    1.5201
    1.0498
    1.0283
    1.0565
    1.0697
    1.3168
    0.5160
    0.8432
    0.4890
    1.0798
    1.2997
    0.6735
    0.8830
    0.6309
    0.9707
    1.0433
    1.2904
    0.7638
    0.4747
    0.9167
    1.5304
    0.8290
    0.6556
    1.0610
    1.6718
    1.0532
    1.0860
    0.7651
    0.7799
    0.9987
    1.2536
    0.9348
    0.5952
    1.3456
    0.6861
    1.5304
    0.7819
    0.9234
    0.8616
    0.6995
    0.8824
    0.5988
    1.1131
    0.9371
    1.2095
    0.6242
    1.3484
    1.7730
    0.7667
    0.9342
    1.2065
    0.7226
    1.3469
    1.0260
    0.7034
    0.9291
    0.7352
    0.8974
    0.8298
    1.4509
    0.8328
    0.8311
    0.9674
    1.4725
    0.7292
    1.2262
    0.6466
    1.1258
    1.4321
    1.4519
    1.7815
    1.2410
    0.8660
    1.4772
    1.5831
    0.8223
    1.3518
    1.1480
    1.2500
    0.8221
    0.8062
    1.3196
    0.7230
    0.9898
    0.9177
    0.9201
    0.8160
    0.6576
    0.6701
    1.0960
    1.1449
    0.8931
    0.9508
    1.1687
    1.0599
    0.7390
    1.2473
    0.7700
    1.1357
    0.8956
    0.9968
    0.8461
    1.1832
    0.9787
    1.1249
    1.7153
    0.9882
    1.4516
    1.1691
    0.6244
    1.3030
    0.8332
    1.4677
    0.7309
    1.0163
    0.7857
    1.0299
    1.0778
    0.8832
    0.6413
    0.7342
    0.9236
    0.9812
    0.9103
    0.7414
    1.2139
    1.2810
    1.0331
    0.5626
    0.6659
    0.6127
    0.8421
    1.4172
    1.5058
    0.8325
    0.6747
    0.9454
    0.5339
    1.0840
    0.6061
    0.9725
    1.2432
    1.4273
    0.9826
    0.5801
    1.1058
    0.6124
    1.0510
    1.5569
    2.3148
    0.8040
    1.5696
    1.1549
    0.6940
    1.3454
    0.7086
    0.8096
    0.4131
    0.7336
    0.4864
    1.0830
    0.5994
    1.3184
    1.0302
    0.8709
    0.9938
    1.2755
    1.0490
    0.7550
    0.5047
    1.1582
    1.3590
    0.8195
    1.0344
    0.9194
    1.1187
    1.4110
    1.3403
    0.5035
    1.0381
    0.8503
    0.6612
    1.3152
    1.0952
    0.9603
    1.3904
    1.7142
    0.7528
    1.1202
    0.7170
    0.9885
    1.1041
    1.0309
    0.6200
    1.3139
    1.5276
    1.0982
    0.7596
    0.7416
    0.8928
    0.9073
    1.7620
    1.0212
    0.9698
    0.7599
    0.8773
    0.9385
    0.7432
    0.6928
    0.6994
    0.4236
    1.2303
    0.7390
    1.5530
    0.6942
    0.7723
    1.3665
    1.1481
    1.1085
    1.1833
    0.9054
    0.9706
    1.0125
    0.4972
    0.7958
    0.7709
    0.9952
    0.7535
    1.3198
    1.8446
    1.2585
    0.5266
    0.9976
    1.7734
    1.2090
    0.6763
    0.9259
    1.1335
    0.5078
    0.7323
    1.3452
    1.2159
    1.3280
    0.8341
    0.6765
    1.2354
    0.6218
    1.1069
    0.8370
    0.8614
    0.8039
    1.0537
    0.5665
    0.7270
    1.3066
    1.2054
    1.2225
    1.0865
    0.8865
    0.6485
    0.4415
    0.6777
    0.9085
    1.0069
    1.4069
    1.1332
    1.0019
    1.1515
    0.8820
    1.1132
    1.2361
    0.6335
    0.8969
    0.8887
    1.1750
    1.1583
    0.9364
    1.5139
    0.9725
    1.3780
    0.7056
    0.9749
    0.6671
    1.0927
    0.5133
    0.6398
    0.8813
    1.1583
    0.8323
    0.9620
    1.1217
    0.5226
    0.9079
    0.9661
    0.9511
    1.9351
    0.8782
    1.0031
    0.5844
    0.9278
    0.6381
    0.9062
    0.6909
    0.7720
    0.8484
    0.9123
    1.1119
    0.7643
    1.1592
    0.9327
    0.6380
    0.9389
    1.2209
    0.9547
    0.9645
    1.2681
    1.0768
    0.7304
    0.4669
    1.0580
    0.6701
    1.0333
    0.9113
    1.0924
    1.2194
    1.4616
    1.2380
