    1.6498
    1.7215
    0.9662
    1.0884
    0.3081
    1.1556
    0.9078
    0.9556
    1.4812
    0.7046
    1.2997
    1.1535
    0.7075
    0.5339
    0.9861
    1.8839
    0.6747
    0.9752
    1.1502
    1.7949
    0.7836
    0.6194
    0.8991
    1.4458
    0.4200
    1.1268
    0.9128
    0.8063
    1.3145
    0.9039
    0.4730
    1.1507
    0.9338
    0.7575
    0.4114
    1.2063
    0.4065
    0.6827
    0.8179
    0.8081
    0.9275
    0.8236
    0.8267
    0.5595
    1.4505
    0.9287
    0.3431
    0.5598
    0.3500
    1.0220
    0.6422
    0.3795
    1.1406
    1.1154
    1.2145
    0.5267
    0.4437
    0.8311
    1.0684
    0.7180
    0.8928
    0.6957
    0.9682
    1.2403
    1.5192
    1.3941
    1.0659
    2.6958
    1.2283
    0.8858
    0.5786
    1.0714
    1.2281
    1.2129
    0.5927
    1.1041
    0.7518
    1.7571
    1.3368
    0.7300
    2.4209
    0.4352
    1.2848
    1.0332
    0.9654
    0.5565
    1.2251
    0.8040
    0.7448
    1.2064
    0.9035
    0.7908
    0.7762
    0.7603
    1.6062
    0.8037
    0.2876
    0.8586
    1.1440
    0.5309
    0.7766
    0.6275
    0.7839
    1.3779
    1.1438
    0.8643
    2.1792
    1.2914
    1.1330
    1.1313
    0.9710
    1.8225
    1.0631
    1.2752
    0.8014
    0.5873
    1.0411
    0.5721
    1.2187
    1.1046
    0.4140
    0.6368
    1.2347
    1.0482
    0.8711
    1.6757
    0.5767
    1.2003
    1.0003
    0.2240
    1.8422
    0.5023
    1.0494
    0.7067
    0.7922
    1.5847
    0.9860
    1.0413
    1.0000
    1.2821
    0.7726
    1.4336
    1.2603
    0.7741
    0.8572
    0.8156
    1.9168
    0.4711
    1.1365
    0.6740
    0.9429
    0.9770
    1.4350
    0.7197
    0.3371
    0.8989
    1.2147
    0.6674
    1.4453
    1.0964
    1.1411
    0.8850
    0.5460
    1.7352
    0.7719
    0.4139
    1.6628
    0.8728
    0.9287
    0.4927
    0.3689
    0.7518
    0.7475
    1.5185
    0.6911
    0.8891
    1.1793
    0.8291
    0.9176
    1.0537
    0.6137
    0.5783
    0.7321
    0.4488
    1.3245
    0.8938
    1.1157
    0.5214
    1.5247
    0.4112
    1.5659
    1.0738
    1.2255
    0.6041
    1.4389
    1.1870
    1.0979
    1.1850
    0.6655
    0.4426
    1.4084
    1.2607
    0.8045
    0.6837
    0.5612
    0.4377
    0.7745
    0.6659
    1.1907
    1.6950
    0.7635
    1.1937
    1.2383
    1.0037
    1.3250
    0.9149
    0.8421
    1.8348
    1.4923
    1.4622
    0.5215
    0.5254
    1.3598
    1.0734
    0.9865
    1.1597
    0.7509
    0.9527
    0.4504
    0.8043
    1.1243
    1.3549
    0.3913
    0.8101
    1.3536
    1.3004
    1.6558
    1.0883
    0.8598
    0.6700
    0.8968
    0.6551
    0.7482
    1.2059
    0.6173
    1.0045
    0.3146
    1.4263
    0.7055
    0.9646
    1.1315
    0.7249
    0.4907
    0.5048
    1.5723
    1.4626
    1.1224
    2.0377
    1.8861
    0.6183
    0.9530
    0.5033
    0.2420
    0.5077
    0.4743
    0.6925
    0.4394
    0.6883
    0.7029
    0.2740
    1.8992
    1.0985
    2.0929
    1.1268
    0.8558
    0.9323
    1.0121
    0.7193
    0.7008
    0.4659
    1.0795
    0.6197
    0.7438
    1.4858
    1.1862
    1.2526
    0.8364
    1.3629
    0.7253
    0.8881
    0.9536
    1.2621
    0.9010
    0.9068
    0.6553
    0.7608
    0.5043
    1.2139
    1.0999
    0.8606
    0.2146
    2.3023
    0.9817
    0.8809
    1.6876
    0.4482
    0.6657
    0.9609
    0.6213
    0.6898
    0.3249
    0.9343
    1.2500
    0.2169
    0.9344
    1.2138
    1.2670
    1.3551
    1.0647
    0.6376
    0.5518
    1.1726
    0.3082
    0.9415
    1.3719
    1.0376
    0.5027
    1.4335
    0.8676
    0.5871
    1.1146
    0.9280
    0.6798
    0.6533
    0.8216
    0.8933
    0.8652
    0.7663
    0.9055
    0.7738
    1.4241
    0.8850
    2.1733
    0.6782
    1.1515
    0.6699
    0.9918
    0.7714
    0.7407
    1.6228
    1.3079
    1.4031
    0.9160
    0.4450
    0.5234
    1.2441
    0.7041
    0.8705
    0.8138
    1.5173
    1.5632
    0.5264
    0.6233
    0.7251
    1.6532
    1.3125
    0.4556
    0.8703
    1.1270
    1.1053
    1.3500
    0.6424
    0.7359
    1.0231
    0.9076
    0.6192
    0.5903
    1.2039
    0.2855
    1.7182
    1.4472
    0.4901
    2.5572
    1.1053
    0.9156
    0.6844
    0.9053
    0.2974
    1.3293
    0.6477
    0.6862
    1.1187
    1.2887
    1.4605
    0.7419
    0.5806
    0.7333
    0.7005
    0.7820
    1.5548
