    1.2138
    0.4090
    1.6302
    1.6022
    0.9370
    0.8488
    0.5611
    1.1957
    0.6789
    1.0511
    1.5769
    2.2751
    0.4156
    0.4854
    2.3799
    1.2451
    1.2718
    0.4443
    1.1950
    1.0403
    0.7850
    1.6167
    1.8852
    0.8481
    1.4515
    0.3692
    1.1120
    0.7793
    0.8027
    1.4343
    0.4799
    1.0330
    0.7457
    0.6107
    1.0534
    2.8235
    1.2383
    0.5520
    1.3064
    0.6207
    0.6616
    0.9032
    1.2361
    0.7357
    0.5111
    0.5615
    0.7564
    0.3757
    1.0298
    1.0557
    0.6248
    0.3903
    0.8052
    1.1007
    1.7321
    0.5910
    0.7636
    0.4533
    0.6163
    0.6325
    1.5707
    0.5408
    0.1728
    0.4571
    1.0807
    0.5756
    1.6766
    0.9157
    0.5468
    1.0198
    1.0069
    1.6716
    0.9724
    0.6534
    0.8770
    1.3581
    0.6586
    1.1590
    0.8371
    1.2286
    1.2158
    0.8326
    1.6811
    1.1639
    0.5034
    1.0131
    0.7997
    0.7499
    0.7889
    0.8542
    0.3801
    0.7102
    0.8746
    0.9101
    1.1092
    0.6587
    1.8062
    0.6323
    0.4456
    0.5327
    1.5846
    1.0541
    0.5436
    0.3656
    0.9570
    0.8073
    1.4579
    1.1774
    0.9622
    1.5087
    0.6489
    0.5192
    1.1299
    1.1890
    1.4477
    0.9803
    0.5991
    1.2849
    0.7654
    0.5243
    0.7252
    1.9642
    1.8153
    0.7026
    0.9206
    0.8847
    0.9390
    0.8732
    0.8776
    2.0928
    1.2848
    0.9795
    1.8372
    0.8915
    0.3207
    1.4493
    0.3782
    1.1719
    2.5217
    0.3905
    0.6760
    1.0930
    0.5965
    0.9672
    1.3829
    1.8484
    1.1869
    1.3569
    1.1050
    0.7875
    0.6357
    0.8925
    0.3520
    1.0267
    0.6845
    1.9022
    0.7427
    0.7545
    0.9427
    0.4381
    0.5878
    1.4067
    0.9723
    1.3111
    0.9225
    0.9671
    0.5689
    0.5444
    2.3500
    0.9904
    1.2124
    0.8364
    1.7265
    1.4532
    0.6665
    1.0102
    0.2804
    0.2617
    0.8355
    0.5159
    0.2502
    0.5556
    0.6970
    0.4208
    0.5613
    0.4743
    0.4094
    0.3306
    1.7432
    1.8120
    0.1802
    0.1601
    0.5100
    1.1448
    0.9990
    0.6719
    0.5975
    0.5986
    1.3413
    1.0713
    0.4016
    0.6509
    1.4185
    0.9152
    1.1476
    1.5739
    1.1481
    1.6141
    1.9793
    0.4619
    0.7604
    0.4895
    0.7290
    1.1651
    1.3450
    1.1371
    0.3853
    1.3648
    0.3778
    0.4757
    0.6959
    0.6738
    1.1979
    0.8663
    0.3688
    1.3950
    0.8588
    1.0700
    0.5591
    1.0591
    0.3795
    0.9082
    1.3303
    1.4637
    1.8195
    0.6022
    0.6554
    1.4560
    0.8986
    2.2843
    1.0052
    1.5827
    0.7205
    0.4003
    1.2923
    1.0627
    0.6491
    0.7013
    0.8389
    0.7062
    0.5227
    0.9004
    0.5835
    1.8793
    1.8018
    1.4226
    1.1418
    0.8512
    0.8457
    2.0162
    0.8519
    0.8721
    1.7032
    0.5489
    0.5199
    1.7199
    0.3583
    1.0113
    2.0024
    0.4655
    0.7623
    1.2392
    1.2546
    1.5572
    1.4476
    0.4885
    1.6297
    0.7842
    0.6594
    1.8537
    0.9372
    1.5514
    1.4084
    0.7407
    0.3911
    0.4585
    0.5037
    0.2881
    1.4625
    2.1340
    0.8598
    0.5843
    1.0809
    1.8663
    1.0635
    1.3959
    2.2016
    0.5134
    0.8385
    1.0279
    0.7849
    1.0782
    0.5731
    0.3638
    0.5858
    0.7217
    0.5730
    0.8019
    1.0944
    0.9457
    0.8463
    2.2903
    0.4186
    1.0287
    2.1527
    0.3850
    0.8156
    0.6884
    0.8442
    0.7110
    0.8633
    1.5773
    0.5378
    1.3122
    0.6780
    0.4353
    0.5885
    1.4417
    0.7787
    0.2943
    0.4047
    1.5825
    1.4561
    1.3815
    0.2366
    1.0599
    0.4357
    0.9949
    0.6024
    0.5841
    1.6018
    0.9319
    0.4943
    0.4792
    0.9702
    0.6705
    1.6934
    0.8564
    1.5675
    0.8456
    0.3055
    0.9009
    0.5721
    0.7361
    2.1952
    0.6051
    1.8491
    1.0625
    0.5374
    0.9218
    1.5515
    1.5439
    1.3876
    0.8786
    0.8361
    2.0062
    0.2871
    1.3708
    0.9587
    1.5787
    0.6589
    0.6428
    1.1865
    0.4482
    0.4847
    0.2399
    1.4009
    0.5853
    1.8414
    0.4998
    0.4320
    2.1203
    0.2601
    0.6339
    0.7960
    0.7146
    1.3749
    0.2274
    0.4477
    0.6733
    0.9748
    1.3336
    0.8791
    0.9411
    1.2806
    1.6160
    0.8122
    1.0306
    0.4873
    1.3181
